T_c = 253;

P = [120 150 180 210 240 270];              % Pressure [bar]
rho_CO2 = [769 817 849 875 896 914];        % Density [kg/m3]
y_1 = [2.03 2.32 2.48 3.33 3.80 5.32]/10^6; % mole fraction



