T_c = 253;

P = [120 150 180 210 240 270]
